	Calling MRCreader.

	Dimension: 80 80 80
	Mode: 2
	Density: from -12.718052 to 33.074604, mean at 0.210177, rms at 0.000000
	Cell size: 1.060000 1.060000 1.060000
	Cell angles: 90.000000 90.000000 90.000000
	Origin location: 0.000000 0.000000 0.000000
	Calling MRCreader.

	Dimension: 80 80 80
	Mode: 2
	Density: from 0.000000 to 1.000000, mean at 0.000000, rms at 0.000000
	Cell size: 1.073418 1.073418 1.073418
	Cell angles: 90.000000 90.000000 90.000000
	Origin location: 0.000000 0.000000 0.000000
begin checkOk
correspondence index at beginning is 
-1
creating basic correspondence
setting constants
loading predicted SSEs
Pattern Graph 
creating new graph for 6 helices and 0 strands.
adding helix 0
adding helix 1
adding helix 2
adding helix 3
adding helix 4
adding helix 5
	Reading Pattern file Took 0.000271 seconds.
	Helix 1 		( 1, 2)	 Length: 7 	 Start Pos: 53 	 End Pos: 59
	Helix 2 		( 3, 4)	 Length: 21 	 Start Pos: 65 	 End Pos: 85
	Helix 3 		( 5, 6)	 Length: 20 	 Start Pos: 89 	 End Pos: 108
	Helix 4 		( 7, 8)	 Length: 22 	 Start Pos: 113 	 End Pos: 134
	Helix 5 		( 9,10)	 Length: 11 	 Start Pos: 141 	 End Pos: 151
	Helix 6 		(11,12)	 Length: 12 	 Start Pos: 156 	 End Pos: 167
	      1    	|      2    	|      3    	|      4    	|      5    	|      6    	|      7    	|      8    	|      9    	|      10    	|      11    	|      12    	|
   1	   0.000000	| H 7.000000	|           	|           	|           	|           	|           	|           	|           	|           	|           	|           	|
   2	 H 7.000000	|   0.000000	| L 6.000000	|           	|           	|           	|           	|           	|           	|           	|           	|           	|
   3	           	| L 6.000000	|   0.000000	| H 21.000000	|           	|           	|           	|           	|           	|           	|           	|           	|
   4	           	|           	| H 21.000000	|   0.000000	| L 4.000000	|           	|           	|           	|           	|           	|           	|           	|
   5	           	|           	|           	| L 4.000000	|   0.000000	| H 20.000000	|           	|           	|           	|           	|           	|           	|
   6	           	|           	|           	|           	| H 20.000000	|   0.000000	| L 5.000000	|           	|           	|           	|           	|           	|
   7	           	|           	|           	|           	|           	| L 5.000000	|   0.000000	| H 22.000000	|           	|           	|           	|           	|
   8	           	|           	|           	|           	|           	|           	| H 22.000000	|   0.000000	| L 7.000000	|           	|           	|           	|
   9	           	|           	|           	|           	|           	|           	|           	| L 7.000000	|   0.000000	| H 11.000000	|           	|           	|
   10	           	|           	|           	|           	|           	|           	|           	|           	| H 11.000000	|   0.000000	| L 5.000000	|           	|
   11	           	|           	|           	|           	|           	|           	|           	|           	|           	| L 5.000000	|   0.000000	| H 12.000000	|
   12	           	|           	|           	|           	|           	|           	|           	|           	|           	|           	| H 12.000000	|   0.000000	|

  Euclidean distances:
   1	 E 0.000000	| E 0.000000	| E 0.000000	| E 0.000000	| E 0.000000	| E 0.000000	| E 0.000000	| E 0.000000	| E 0.000000	| E 0.000000	| E 0.000000	| E 0.000000	|
   2	 E 0.000000	| E 0.000000	| E 0.000000	| E 0.000000	| E 0.000000	| E 0.000000	| E 0.000000	| E 0.000000	| E 0.000000	| E 0.000000	| E 0.000000	| E 0.000000	|
   3	 E 0.000000	| E 0.000000	| E 0.000000	| E 0.000000	| E 0.000000	| E 0.000000	| E 0.000000	| E 0.000000	| E 0.000000	| E 0.000000	| E 0.000000	| E 0.000000	|
   4	 E 0.000000	| E 0.000000	| E 0.000000	| E 0.000000	| E 0.000000	| E 0.000000	| E 0.000000	| E 0.000000	| E 0.000000	| E 0.000000	| E 0.000000	| E 0.000000	|
   5	 E 0.000000	| E 0.000000	| E 0.000000	| E 0.000000	| E 0.000000	| E 0.000000	| E 0.000000	| E 0.000000	| E 0.000000	| E 0.000000	| E 0.000000	| E 0.000000	|
   6	 E 0.000000	| E 0.000000	| E 0.000000	| E 0.000000	| E 0.000000	| E 0.000000	| E 0.000000	| E 0.000000	| E 0.000000	| E 0.000000	| E 0.000000	| E 0.000000	|
   7	 E 0.000000	| E 0.000000	| E 0.000000	| E 0.000000	| E 0.000000	| E 0.000000	| E 0.000000	| E 0.000000	| E 0.000000	| E 0.000000	| E 0.000000	| E 0.000000	|
   8	 E 0.000000	| E 0.000000	| E 0.000000	| E 0.000000	| E 0.000000	| E 0.000000	| E 0.000000	| E 0.000000	| E 0.000000	| E 0.000000	| E 0.000000	| E 0.000000	|
   9	 E 0.000000	| E 0.000000	| E 0.000000	| E 0.000000	| E 0.000000	| E 0.000000	| E 0.000000	| E 0.000000	| E 0.000000	| E 0.000000	| E 0.000000	| E 0.000000	|
   10	 E 0.000000	| E 0.000000	| E 0.000000	| E 0.000000	| E 0.000000	| E 0.000000	| E 0.000000	| E 0.000000	| E 0.000000	| E 0.000000	| E 0.000000	| E 0.000000	|
   11	 E 0.000000	| E 0.000000	| E 0.000000	| E 0.000000	| E 0.000000	| E 0.000000	| E 0.000000	| E 0.000000	| E 0.000000	| E 0.000000	| E 0.000000	| E 0.000000	|
   12	 E 0.000000	| E 0.000000	| E 0.000000	| E 0.000000	| E 0.000000	| E 0.000000	| E 0.000000	| E 0.000000	| E 0.000000	| E 0.000000	| E 0.000000	| E 0.000000	|

  Node weights:
   1	   0.000000	|
   2	   0.000000	|
   3	   0.000000	|
   4	   0.000000	|
   5	   0.000000	|
   6	   0.000000	|
   7	   0.000000	|
   8	   0.000000	|
   9	   0.000000	|
   10	   0.000000	|
   11	   0.000000	|
   12	   0.000000	|
Graph Density 15.277778%,   (With Euclidean edges 15.277778%)
before calling StructurePrediction.load
sequenceFileName is groel-segment.seq
app is <main_window_form.MainWindowForm object at 0x1093d9c30>
StructurePrediction.load called. cls = <class 'correspondence.StructurePrediction.StructurePrediction'>, filename = groel-segment.seqqparent = <main_window_form.MainWindowForm object at 0x1093d9c30>
after calling StructurePrediction.load
loading observed SSEs
Base Graph 
	Calling MRCreader.

	Dimension: 80 80 80
	Mode: 2
	Density: from 0.000000 to 1.000000, mean at 0.000000, rms at 0.000000
	Cell size: 1.073418 1.073418 1.073418
	Cell angles: 90.000000 90.000000 90.000000
	Origin location: 0.000000 0.000000 0.000000
Constructing 'paintedVol'...
Finished reading volume file, now moving on to helixes...
Error reading helix length file . Skipping helix lengths
Finished reading helix file, now moving on to sheets...
Error reading sheet input file .  Skipping sheets.
Finished reading sheet file.
Initialize volume at 80 80 80
Start clustering...
Removing small clusters.
min distance matrix: 
Finished finding points inside helices and sheets.
cost of node 0 is 0
cost of node 1 is 0
cost of node 2 is 0
cost of node 3 is 0
cost of node 4 is 0
cost of node 5 is 0
cost of node 6 is 0
cost of node 7 is 0
cost of node 8 is 0
cost of node 9 is 0
cost of node 10 is 0
cost of node 11 is 0
Finished creating connectivity graph.
Finished running FindSizes2.
Finished creating a list of helices and sheets.
Graph saved to object.
Euclidian matrix generated.
Merging pairs of sheets that are close to each other.
=== graph before merging sheets ===
	Helix #1 	( 1, 2)	 Length: 10.600000
	Helix #2 	( 3, 4)	 Length: 19.516670
	Helix #3 	( 5, 6)	 Length: 26.244368
	Helix #4 	( 7, 8)	 Length: 31.605068
	Helix #5 	( 9,10)	 Length: 14.417559
	Helix #6 	(11,12)	 Length: 14.725991
	      1    	|      2    	|      3    	|      4    	|      5    	|      6    	|      7    	|      8    	|      9    	|      10    	|      11    	|      12    	|
   1	   0.000000	| H 10.600000	|           	|           	|           	|           	|           	|           	|           	|           	|           	|           	|
   2	 H 10.600000	|   0.000000	|           	| L 32.331585	|           	|           	|           	|           	|           	|           	|           	|           	|
   3	           	|           	|   0.000000	| H 19.516670	|           	| L 13.639641	|           	|           	|           	|           	|           	|           	|
   4	           	| L 32.331585	| H 19.516670	|   0.000000	|           	|           	|           	|           	|           	|           	|           	|           	|
   5	           	|           	|           	|           	|   0.000000	| H 26.244368	|           	| L 14.713058	|           	|           	|           	|           	|
   6	           	|           	| L 13.639641	|           	| H 26.244368	|   0.000000	|           	|           	|           	|           	|           	|           	|
   7	           	|           	|           	|           	|           	|           	|   0.000000	| H 31.605068	| L 21.126400	|           	|           	|           	|
   8	           	|           	|           	|           	| L 14.713058	|           	| H 31.605068	|   0.000000	|           	|           	|           	|           	|
   9	           	|           	|           	|           	|           	|           	| L 21.126400	|           	|   0.000000	| H 14.417559	|           	|           	|
   10	           	|           	|           	|           	|           	|           	|           	|           	| H 14.417559	|   0.000000	|           	| L 11.492805	|
   11	           	|           	|           	|           	|           	|           	|           	|           	|           	|           	|   0.000000	| H 14.725991	|
   12	           	|           	|           	|           	|           	|           	|           	|           	|           	| L 11.492805	| H 14.725991	|   0.000000	|

  Euclidean distances:
   1	 E 0.000000	| E 6.072167	| E 16.732925	| E 13.620143	| E 32.291857	| E 10.126602	| E 29.239550	| E 34.382893	| E 30.474477	| E 20.196233	| E 30.531138	| E 27.006642	|
   2	 E 6.072167	| E 0.000000	| E 19.763715	| E 10.999258	| E 31.129112	| E 13.620143	| E 33.500263	| E 33.705998	| E 35.891337	| E 26.161459	| E 35.030275	| E 32.576060	|
   3	 E 16.732925	| E 19.763715	| E 0.000000	| E 19.021009	| E 34.516679	| E 13.146628	| E 18.746434	| E 31.276819	| E 20.731139	| E 19.588034	| E 18.654010	| E 23.171903	|
   4	 E 13.620143	| E 10.999258	| E 19.021009	| E 0.000000	| E 21.521957	| E 12.238844	| E 29.921217	| E 23.047255	| E 37.630906	| E 30.980701	| E 37.277123	| E 37.707377	|
   5	 E 32.291857	| E 31.129112	| E 34.516679	| E 21.521957	| E 0.000000	| E 25.806711	| E 34.096855	| E 10.787714	| E 49.061176	| E 44.762932	| E 51.658051	| E 52.410930	|
   6	 E 10.126602	| E 13.620143	| E 13.146628	| E 12.238844	| E 25.806711	| E 0.000000	| E 20.451353	| E 26.533182	| E 26.878344	| E 19.937848	| E 28.762787	| E 27.366888	|
   7	 E 29.239550	| E 33.500263	| E 18.746434	| E 29.921217	| E 34.096855	| E 20.451353	| E 0.000000	| E 29.824790	| E 18.342569	| E 23.271140	| E 23.736854	| E 27.176765	|
   8	 E 34.382893	| E 33.705998	| E 31.276819	| E 23.047255	| E 10.787714	| E 26.533182	| E 29.824790	| E 0.000000	| E 45.944282	| E 44.698534	| E 47.679565	| E 51.221259	|
   9	 E 30.474477	| E 35.891337	| E 20.731139	| E 37.630906	| E 49.061176	| E 26.878344	| E 18.342569	| E 45.944282	| E 0.000000	| E 14.321178	| E 10.126602	| E 11.807594	|
   10	 E 20.196233	| E 26.161459	| E 19.588034	| E 30.980701	| E 44.762932	| E 19.937848	| E 23.271140	| E 44.698534	| E 14.321178	| E 0.000000	| E 18.561127	| E 8.786302	|
   11	 E 30.531138	| E 35.030275	| E 18.654010	| E 37.277123	| E 51.658051	| E 28.762787	| E 23.736854	| E 47.679565	| E 10.126602	| E 18.561127	| E 0.000000	| E 14.077741	|
   12	 E 27.006642	| E 32.576060	| E 23.171903	| E 37.707377	| E 52.410930	| E 27.366888	| E 27.176765	| E 51.221259	| E 11.807594	| E 8.786302	| E 14.077741	| E 0.000000	|
Graph Density 15.277778%,   (With Euclidean edges 15.277778%)
=== ===
beginning merge with 6 helices and 0 sheets. maxDist = 3. size of helixes vector is 6
=== graph after merging sheets ===
	Helix #1 	( 1, 2)	 Length: 10.600000
	Helix #2 	( 3, 4)	 Length: 19.516670
	Helix #3 	( 5, 6)	 Length: 26.244368
	Helix #4 	( 7, 8)	 Length: 31.605068
	Helix #5 	( 9,10)	 Length: 14.417559
	Helix #6 	(11,12)	 Length: 14.725991
	      1    	|      2    	|      3    	|      4    	|      5    	|      6    	|      7    	|      8    	|      9    	|      10    	|      11    	|      12    	|
   1	   0.000000	| H 10.600000	|           	|           	|           	|           	|           	|           	|           	|           	|           	|           	|
   2	 H 10.600000	|   0.000000	|           	| L 32.331585	|           	|           	|           	|           	|           	|           	|           	|           	|
   3	           	|           	|   0.000000	| H 19.516670	|           	| L 13.639641	|           	|           	|           	|           	|           	|           	|
   4	           	| L 32.331585	| H 19.516670	|   0.000000	|           	|           	|           	|           	|           	|           	|           	|           	|
   5	           	|           	|           	|           	|   0.000000	| H 26.244368	|           	| L 14.713058	|           	|           	|           	|           	|
   6	           	|           	| L 13.639641	|           	| H 26.244368	|   0.000000	|           	|           	|           	|           	|           	|           	|
   7	           	|           	|           	|           	|           	|           	|   0.000000	| H 31.605068	| L 21.126400	|           	|           	|           	|
   8	           	|           	|           	|           	| L 14.713058	|           	| H 31.605068	|   0.000000	|           	|           	|           	|           	|
   9	           	|           	|           	|           	|           	|           	| L 21.126400	|           	|   0.000000	| H 14.417559	|           	|           	|
   10	           	|           	|           	|           	|           	|           	|           	|           	| H 14.417559	|   0.000000	|           	| L 11.492805	|
   11	           	|           	|           	|           	|           	|           	|           	|           	|           	|           	|   0.000000	| H 14.725991	|
   12	           	|           	|           	|           	|           	|           	|           	|           	|           	| L 11.492805	| H 14.725991	|   0.000000	|

  Euclidean distances:
   1	 E 0.000000	| E 6.072167	| E 16.732925	| E 13.620143	| E 32.291857	| E 10.126602	| E 29.239550	| E 34.382893	| E 30.474477	| E 20.196233	| E 30.531138	| E 27.006642	|
   2	 E 6.072167	| E 0.000000	| E 19.763715	| E 10.999258	| E 31.129112	| E 13.620143	| E 33.500263	| E 33.705998	| E 35.891337	| E 26.161459	| E 35.030275	| E 32.576060	|
   3	 E 16.732925	| E 19.763715	| E 0.000000	| E 19.021009	| E 34.516679	| E 13.146628	| E 18.746434	| E 31.276819	| E 20.731139	| E 19.588034	| E 18.654010	| E 23.171903	|
   4	 E 13.620143	| E 10.999258	| E 19.021009	| E 0.000000	| E 21.521957	| E 12.238844	| E 29.921217	| E 23.047255	| E 37.630906	| E 30.980701	| E 37.277123	| E 37.707377	|
   5	 E 32.291857	| E 31.129112	| E 34.516679	| E 21.521957	| E 0.000000	| E 25.806711	| E 34.096855	| E 10.787714	| E 49.061176	| E 44.762932	| E 51.658051	| E 52.410930	|
   6	 E 10.126602	| E 13.620143	| E 13.146628	| E 12.238844	| E 25.806711	| E 0.000000	| E 20.451353	| E 26.533182	| E 26.878344	| E 19.937848	| E 28.762787	| E 27.366888	|
   7	 E 29.239550	| E 33.500263	| E 18.746434	| E 29.921217	| E 34.096855	| E 20.451353	| E 0.000000	| E 29.824790	| E 18.342569	| E 23.271140	| E 23.736854	| E 27.176765	|
   8	 E 34.382893	| E 33.705998	| E 31.276819	| E 23.047255	| E 10.787714	| E 26.533182	| E 29.824790	| E 0.000000	| E 45.944282	| E 44.698534	| E 47.679565	| E 51.221259	|
   9	 E 30.474477	| E 35.891337	| E 20.731139	| E 37.630906	| E 49.061176	| E 26.878344	| E 18.342569	| E 45.944282	| E 0.000000	| E 14.321178	| E 10.126602	| E 11.807594	|
   10	 E 20.196233	| E 26.161459	| E 19.588034	| E 30.980701	| E 44.762932	| E 19.937848	| E 23.271140	| E 44.698534	| E 14.321178	| E 0.000000	| E 18.561127	| E 8.786302	|
   11	 E 30.531138	| E 35.030275	| E 18.654010	| E 37.277123	| E 51.658051	| E 28.762787	| E 23.736854	| E 47.679565	| E 10.126602	| E 18.561127	| E 0.000000	| E 14.077741	|
   12	 E 27.006642	| E 32.576060	| E 23.171903	| E 37.707377	| E 52.410930	| E 27.366888	| E 27.176765	| E 51.221259	| E 11.807594	| E 8.786302	| E 14.077741	| E 0.000000	|
Graph Density 15.277778%,   (With Euclidean edges 15.277778%)
=== ===
Done merging pairs of sheets.
	Reading Base file Took 0.345332 seconds.
	Helix #1 	( 1, 2)	 Length: 10.600000
	Helix #2 	( 3, 4)	 Length: 19.516670
	Helix #3 	( 5, 6)	 Length: 26.244368
	Helix #4 	( 7, 8)	 Length: 31.605068
	Helix #5 	( 9,10)	 Length: 14.417559
	Helix #6 	(11,12)	 Length: 14.725991
	      1    	|      2    	|      3    	|      4    	|      5    	|      6    	|      7    	|      8    	|      9    	|      10    	|      11    	|      12    	|
   1	   0.000000	| H 10.600000	|           	|           	|           	|           	|           	|           	|           	|           	|           	|           	|
   2	 H 10.600000	|   0.000000	|           	| L 32.331585	|           	|           	|           	|           	|           	|           	|           	|           	|
   3	           	|           	|   0.000000	| H 19.516670	|           	| L 13.639641	|           	|           	|           	|           	|           	|           	|
   4	           	| L 32.331585	| H 19.516670	|   0.000000	|           	|           	|           	|           	|           	|           	|           	|           	|
   5	           	|           	|           	|           	|   0.000000	| H 26.244368	|           	| L 14.713058	|           	|           	|           	|           	|
   6	           	|           	| L 13.639641	|           	| H 26.244368	|   0.000000	|           	|           	|           	|           	|           	|           	|
   7	           	|           	|           	|           	|           	|           	|   0.000000	| H 31.605068	| L 21.126400	|           	|           	|           	|
   8	           	|           	|           	|           	| L 14.713058	|           	| H 31.605068	|   0.000000	|           	|           	|           	|           	|
   9	           	|           	|           	|           	|           	|           	| L 21.126400	|           	|   0.000000	| H 14.417559	|           	|           	|
   10	           	|           	|           	|           	|           	|           	|           	|           	| H 14.417559	|   0.000000	|           	| L 11.492805	|
   11	           	|           	|           	|           	|           	|           	|           	|           	|           	|           	|   0.000000	| H 14.725991	|
   12	           	|           	|           	|           	|           	|           	|           	|           	|           	| L 11.492805	| H 14.725991	|   0.000000	|

  Euclidean distances:
   1	 E 0.000000	| E 6.072167	| E 16.732925	| E 13.620143	| E 32.291857	| E 10.126602	| E 29.239550	| E 34.382893	| E 30.474477	| E 20.196233	| E 30.531138	| E 27.006642	|
   2	 E 6.072167	| E 0.000000	| E 19.763715	| E 10.999258	| E 31.129112	| E 13.620143	| E 33.500263	| E 33.705998	| E 35.891337	| E 26.161459	| E 35.030275	| E 32.576060	|
   3	 E 16.732925	| E 19.763715	| E 0.000000	| E 19.021009	| E 34.516679	| E 13.146628	| E 18.746434	| E 31.276819	| E 20.731139	| E 19.588034	| E 18.654010	| E 23.171903	|
   4	 E 13.620143	| E 10.999258	| E 19.021009	| E 0.000000	| E 21.521957	| E 12.238844	| E 29.921217	| E 23.047255	| E 37.630906	| E 30.980701	| E 37.277123	| E 37.707377	|
   5	 E 32.291857	| E 31.129112	| E 34.516679	| E 21.521957	| E 0.000000	| E 25.806711	| E 34.096855	| E 10.787714	| E 49.061176	| E 44.762932	| E 51.658051	| E 52.410930	|
   6	 E 10.126602	| E 13.620143	| E 13.146628	| E 12.238844	| E 25.806711	| E 0.000000	| E 20.451353	| E 26.533182	| E 26.878344	| E 19.937848	| E 28.762787	| E 27.366888	|
   7	 E 29.239550	| E 33.500263	| E 18.746434	| E 29.921217	| E 34.096855	| E 20.451353	| E 0.000000	| E 29.824790	| E 18.342569	| E 23.271140	| E 23.736854	| E 27.176765	|
   8	 E 34.382893	| E 33.705998	| E 31.276819	| E 23.047255	| E 10.787714	| E 26.533182	| E 29.824790	| E 0.000000	| E 45.944282	| E 44.698534	| E 47.679565	| E 51.221259	|
   9	 E 30.474477	| E 35.891337	| E 20.731139	| E 37.630906	| E 49.061176	| E 26.878344	| E 18.342569	| E 45.944282	| E 0.000000	| E 14.321178	| E 10.126602	| E 11.807594	|
   10	 E 20.196233	| E 26.161459	| E 19.588034	| E 30.980701	| E 44.762932	| E 19.937848	| E 23.271140	| E 44.698534	| E 14.321178	| E 0.000000	| E 18.561127	| E 8.786302	|
   11	 E 30.531138	| E 35.030275	| E 18.654010	| E 37.277123	| E 51.658051	| E 28.762787	| E 23.736854	| E 47.679565	| E 10.126602	| E 18.561127	| E 0.000000	| E 14.077741	|
   12	 E 27.006642	| E 32.576060	| E 23.171903	| E 37.707377	| E 52.410930	| E 27.366888	| E 27.176765	| E 51.221259	| E 11.807594	| E 8.786302	| E 14.077741	| E 0.000000	|
Graph Density 15.277778%,   (With Euclidean edges 15.277778%)
adding helices to list of observed helices
found 6 helices and 0 sheets
writing to correspondenceLibrary
finished creating basic correspondences
after creating basic correspondence (1), secelDict has length 6
after creating basic correspondence (2), secelDict has length 6
correspondenceList has length 1
correspondence index at end is 0
end checkOk
beginning search
creating basic correspondence
setting constants
loading predicted SSEs
Pattern Graph 
creating new graph for 6 helices and 0 strands.
adding helix 0
adding helix 1
adding helix 2
adding helix 3
adding helix 4
adding helix 5
	Reading Pattern file Took 0.000225 seconds.
	Helix 1 		( 1, 2)	 Length: 7 	 Start Pos: 53 	 End Pos: 59
	Helix 2 		( 3, 4)	 Length: 21 	 Start Pos: 65 	 End Pos: 85
	Helix 3 		( 5, 6)	 Length: 20 	 Start Pos: 89 	 End Pos: 108
	Helix 4 		( 7, 8)	 Length: 22 	 Start Pos: 113 	 End Pos: 134
	Helix 5 		( 9,10)	 Length: 11 	 Start Pos: 141 	 End Pos: 151
	Helix 6 		(11,12)	 Length: 12 	 Start Pos: 156 	 End Pos: 167
	      1    	|      2    	|      3    	|      4    	|      5    	|      6    	|      7    	|      8    	|      9    	|      10    	|      11    	|      12    	|
   1	   0.000000	| H 7.000000	|           	|           	|           	|           	|           	|           	|           	|           	|           	|           	|
   2	 H 7.000000	|   0.000000	| L 6.000000	|           	|           	|           	|           	|           	|           	|           	|           	|           	|
   3	           	| L 6.000000	|   0.000000	| H 21.000000	|           	|           	|           	|           	|           	|           	|           	|           	|
   4	           	|           	| H 21.000000	|   0.000000	| L 4.000000	|           	|           	|           	|           	|           	|           	|           	|
   5	           	|           	|           	| L 4.000000	|   0.000000	| H 20.000000	|           	|           	|           	|           	|           	|           	|
   6	           	|           	|           	|           	| H 20.000000	|   0.000000	| L 5.000000	|           	|           	|           	|           	|           	|
   7	           	|           	|           	|           	|           	| L 5.000000	|   0.000000	| H 22.000000	|           	|           	|           	|           	|
   8	           	|           	|           	|           	|           	|           	| H 22.000000	|   0.000000	| L 7.000000	|           	|           	|           	|
   9	           	|           	|           	|           	|           	|           	|           	| L 7.000000	|   0.000000	| H 11.000000	|           	|           	|
   10	           	|           	|           	|           	|           	|           	|           	|           	| H 11.000000	|   0.000000	| L 5.000000	|           	|
   11	           	|           	|           	|           	|           	|           	|           	|           	|           	| L 5.000000	|   0.000000	| H 12.000000	|
   12	           	|           	|           	|           	|           	|           	|           	|           	|           	|           	| H 12.000000	|   0.000000	|

  Euclidean distances:
   1	 E 0.000000	| E 0.000000	| E 0.000000	| E 0.000000	| E 0.000000	| E 0.000000	| E 0.000000	| E 0.000000	| E 0.000000	| E 0.000000	| E 0.000000	| E 0.000000	|
   2	 E 0.000000	| E 0.000000	| E 0.000000	| E 0.000000	| E 0.000000	| E 0.000000	| E 0.000000	| E 0.000000	| E 0.000000	| E 0.000000	| E 0.000000	| E 0.000000	|
   3	 E 0.000000	| E 0.000000	| E 0.000000	| E 0.000000	| E 0.000000	| E 0.000000	| E 0.000000	| E 0.000000	| E 0.000000	| E 0.000000	| E 0.000000	| E 0.000000	|
   4	 E 0.000000	| E 0.000000	| E 0.000000	| E 0.000000	| E 0.000000	| E 0.000000	| E 0.000000	| E 0.000000	| E 0.000000	| E 0.000000	| E 0.000000	| E 0.000000	|
   5	 E 0.000000	| E 0.000000	| E 0.000000	| E 0.000000	| E 0.000000	| E 0.000000	| E 0.000000	| E 0.000000	| E 0.000000	| E 0.000000	| E 0.000000	| E 0.000000	|
   6	 E 0.000000	| E 0.000000	| E 0.000000	| E 0.000000	| E 0.000000	| E 0.000000	| E 0.000000	| E 0.000000	| E 0.000000	| E 0.000000	| E 0.000000	| E 0.000000	|
   7	 E 0.000000	| E 0.000000	| E 0.000000	| E 0.000000	| E 0.000000	| E 0.000000	| E 0.000000	| E 0.000000	| E 0.000000	| E 0.000000	| E 0.000000	| E 0.000000	|
   8	 E 0.000000	| E 0.000000	| E 0.000000	| E 0.000000	| E 0.000000	| E 0.000000	| E 0.000000	| E 0.000000	| E 0.000000	| E 0.000000	| E 0.000000	| E 0.000000	|
   9	 E 0.000000	| E 0.000000	| E 0.000000	| E 0.000000	| E 0.000000	| E 0.000000	| E 0.000000	| E 0.000000	| E 0.000000	| E 0.000000	| E 0.000000	| E 0.000000	|
   10	 E 0.000000	| E 0.000000	| E 0.000000	| E 0.000000	| E 0.000000	| E 0.000000	| E 0.000000	| E 0.000000	| E 0.000000	| E 0.000000	| E 0.000000	| E 0.000000	|
   11	 E 0.000000	| E 0.000000	| E 0.000000	| E 0.000000	| E 0.000000	| E 0.000000	| E 0.000000	| E 0.000000	| E 0.000000	| E 0.000000	| E 0.000000	| E 0.000000	|
   12	 E 0.000000	| E 0.000000	| E 0.000000	| E 0.000000	| E 0.000000	| E 0.000000	| E 0.000000	| E 0.000000	| E 0.000000	| E 0.000000	| E 0.000000	| E 0.000000	|

  Node weights:
   1	   0.000000	|
   2	   0.000000	|
   3	   0.000000	|
   4	   0.000000	|
   5	   0.000000	|
   6	   0.000000	|
   7	   0.000000	|
   8	   0.000000	|
   9	   0.000000	|
   10	   0.000000	|
   11	   0.000000	|
   12	   0.000000	|
Graph Density 15.277778%,   (With Euclidean edges 15.277778%)
before calling StructurePrediction.load
sequenceFileName is groel-segment.seq
app is <main_window_form.MainWindowForm object at 0x1093d9c30>
StructurePrediction.load called. cls = <class 'correspondence.StructurePrediction.StructurePrediction'>, filename = groel-segment.seqqparent = <main_window_form.MainWindowForm object at 0x1093d9c30>
after calling StructurePrediction.load
loading observed SSEs
Base Graph 
	Calling MRCreader.

	Dimension: 80 80 80
	Mode: 2
	Density: from 0.000000 to 1.000000, mean at 0.000000, rms at 0.000000
	Cell size: 1.073418 1.073418 1.073418
	Cell angles: 90.000000 90.000000 90.000000
	Origin location: 0.000000 0.000000 0.000000
Constructing 'paintedVol'...
Finished reading volume file, now moving on to helixes...
Error reading helix length file . Skipping helix lengths
Finished reading helix file, now moving on to sheets...
Error reading sheet input file .  Skipping sheets.
Finished reading sheet file.
Initialize volume at 80 80 80
Start clustering...
Removing small clusters.
min distance matrix: 
Finished finding points inside helices and sheets.
cost of node 0 is 0
cost of node 1 is 0
cost of node 2 is 0
cost of node 3 is 0
cost of node 4 is 0
cost of node 5 is 0
cost of node 6 is 0
cost of node 7 is 0
cost of node 8 is 0
cost of node 9 is 0
cost of node 10 is 0
cost of node 11 is 0
Finished creating connectivity graph.
Finished running FindSizes2.
Finished creating a list of helices and sheets.
Graph saved to object.
Euclidian matrix generated.
Merging pairs of sheets that are close to each other.
=== graph before merging sheets ===
	Helix #1 	( 1, 2)	 Length: 10.600000
	Helix #2 	( 3, 4)	 Length: 19.516670
	Helix #3 	( 5, 6)	 Length: 26.244368
	Helix #4 	( 7, 8)	 Length: 31.605068
	Helix #5 	( 9,10)	 Length: 14.417559
	Helix #6 	(11,12)	 Length: 14.725991
	      1    	|      2    	|      3    	|      4    	|      5    	|      6    	|      7    	|      8    	|      9    	|      10    	|      11    	|      12    	|
   1	   0.000000	| H 10.600000	|           	|           	|           	|           	|           	|           	|           	|           	|           	|           	|
   2	 H 10.600000	|   0.000000	|           	| L 32.331585	|           	|           	|           	|           	|           	|           	|           	|           	|
   3	           	|           	|   0.000000	| H 19.516670	|           	| L 13.639641	|           	|           	|           	|           	|           	|           	|
   4	           	| L 32.331585	| H 19.516670	|   0.000000	|           	|           	|           	|           	|           	|           	|           	|           	|
   5	           	|           	|           	|           	|   0.000000	| H 26.244368	|           	| L 14.713058	|           	|           	|           	|           	|
   6	           	|           	| L 13.639641	|           	| H 26.244368	|   0.000000	|           	|           	|           	|           	|           	|           	|
   7	           	|           	|           	|           	|           	|           	|   0.000000	| H 31.605068	| L 21.126400	|           	|           	|           	|
   8	           	|           	|           	|           	| L 14.713058	|           	| H 31.605068	|   0.000000	|           	|           	|           	|           	|
   9	           	|           	|           	|           	|           	|           	| L 21.126400	|           	|   0.000000	| H 14.417559	|           	|           	|
   10	           	|           	|           	|           	|           	|           	|           	|           	| H 14.417559	|   0.000000	|           	| L 11.492805	|
   11	           	|           	|           	|           	|           	|           	|           	|           	|           	|           	|   0.000000	| H 14.725991	|
   12	           	|           	|           	|           	|           	|           	|           	|           	|           	| L 11.492805	| H 14.725991	|   0.000000	|

  Euclidean distances:
   1	 E 0.000000	| E 6.072167	| E 16.732925	| E 13.620143	| E 32.291857	| E 10.126602	| E 29.239550	| E 34.382893	| E 30.474477	| E 20.196233	| E 30.531138	| E 27.006642	|
   2	 E 6.072167	| E 0.000000	| E 19.763715	| E 10.999258	| E 31.129112	| E 13.620143	| E 33.500263	| E 33.705998	| E 35.891337	| E 26.161459	| E 35.030275	| E 32.576060	|
   3	 E 16.732925	| E 19.763715	| E 0.000000	| E 19.021009	| E 34.516679	| E 13.146628	| E 18.746434	| E 31.276819	| E 20.731139	| E 19.588034	| E 18.654010	| E 23.171903	|
   4	 E 13.620143	| E 10.999258	| E 19.021009	| E 0.000000	| E 21.521957	| E 12.238844	| E 29.921217	| E 23.047255	| E 37.630906	| E 30.980701	| E 37.277123	| E 37.707377	|
   5	 E 32.291857	| E 31.129112	| E 34.516679	| E 21.521957	| E 0.000000	| E 25.806711	| E 34.096855	| E 10.787714	| E 49.061176	| E 44.762932	| E 51.658051	| E 52.410930	|
   6	 E 10.126602	| E 13.620143	| E 13.146628	| E 12.238844	| E 25.806711	| E 0.000000	| E 20.451353	| E 26.533182	| E 26.878344	| E 19.937848	| E 28.762787	| E 27.366888	|
   7	 E 29.239550	| E 33.500263	| E 18.746434	| E 29.921217	| E 34.096855	| E 20.451353	| E 0.000000	| E 29.824790	| E 18.342569	| E 23.271140	| E 23.736854	| E 27.176765	|
   8	 E 34.382893	| E 33.705998	| E 31.276819	| E 23.047255	| E 10.787714	| E 26.533182	| E 29.824790	| E 0.000000	| E 45.944282	| E 44.698534	| E 47.679565	| E 51.221259	|
   9	 E 30.474477	| E 35.891337	| E 20.731139	| E 37.630906	| E 49.061176	| E 26.878344	| E 18.342569	| E 45.944282	| E 0.000000	| E 14.321178	| E 10.126602	| E 11.807594	|
   10	 E 20.196233	| E 26.161459	| E 19.588034	| E 30.980701	| E 44.762932	| E 19.937848	| E 23.271140	| E 44.698534	| E 14.321178	| E 0.000000	| E 18.561127	| E 8.786302	|
   11	 E 30.531138	| E 35.030275	| E 18.654010	| E 37.277123	| E 51.658051	| E 28.762787	| E 23.736854	| E 47.679565	| E 10.126602	| E 18.561127	| E 0.000000	| E 14.077741	|
   12	 E 27.006642	| E 32.576060	| E 23.171903	| E 37.707377	| E 52.410930	| E 27.366888	| E 27.176765	| E 51.221259	| E 11.807594	| E 8.786302	| E 14.077741	| E 0.000000	|
Graph Density 15.277778%,   (With Euclidean edges 15.277778%)
=== ===
beginning merge with 6 helices and 0 sheets. maxDist = 3. size of helixes vector is 6
=== graph after merging sheets ===
	Helix #1 	( 1, 2)	 Length: 10.600000
	Helix #2 	( 3, 4)	 Length: 19.516670
	Helix #3 	( 5, 6)	 Length: 26.244368
	Helix #4 	( 7, 8)	 Length: 31.605068
	Helix #5 	( 9,10)	 Length: 14.417559
	Helix #6 	(11,12)	 Length: 14.725991
	      1    	|      2    	|      3    	|      4    	|      5    	|      6    	|      7    	|      8    	|      9    	|      10    	|      11    	|      12    	|
   1	   0.000000	| H 10.600000	|           	|           	|           	|           	|           	|           	|           	|           	|           	|           	|
   2	 H 10.600000	|   0.000000	|           	| L 32.331585	|           	|           	|           	|           	|           	|           	|           	|           	|
   3	           	|           	|   0.000000	| H 19.516670	|           	| L 13.639641	|           	|           	|           	|           	|           	|           	|
   4	           	| L 32.331585	| H 19.516670	|   0.000000	|           	|           	|           	|           	|           	|           	|           	|           	|
   5	           	|           	|           	|           	|   0.000000	| H 26.244368	|           	| L 14.713058	|           	|           	|           	|           	|
   6	           	|           	| L 13.639641	|           	| H 26.244368	|   0.000000	|           	|           	|           	|           	|           	|           	|
   7	           	|           	|           	|           	|           	|           	|   0.000000	| H 31.605068	| L 21.126400	|           	|           	|           	|
   8	           	|           	|           	|           	| L 14.713058	|           	| H 31.605068	|   0.000000	|           	|           	|           	|           	|
   9	           	|           	|           	|           	|           	|           	| L 21.126400	|           	|   0.000000	| H 14.417559	|           	|           	|
   10	           	|           	|           	|           	|           	|           	|           	|           	| H 14.417559	|   0.000000	|           	| L 11.492805	|
   11	           	|           	|           	|           	|           	|           	|           	|           	|           	|           	|   0.000000	| H 14.725991	|
   12	           	|           	|           	|           	|           	|           	|           	|           	|           	| L 11.492805	| H 14.725991	|   0.000000	|

  Euclidean distances:
   1	 E 0.000000	| E 6.072167	| E 16.732925	| E 13.620143	| E 32.291857	| E 10.126602	| E 29.239550	| E 34.382893	| E 30.474477	| E 20.196233	| E 30.531138	| E 27.006642	|
   2	 E 6.072167	| E 0.000000	| E 19.763715	| E 10.999258	| E 31.129112	| E 13.620143	| E 33.500263	| E 33.705998	| E 35.891337	| E 26.161459	| E 35.030275	| E 32.576060	|
   3	 E 16.732925	| E 19.763715	| E 0.000000	| E 19.021009	| E 34.516679	| E 13.146628	| E 18.746434	| E 31.276819	| E 20.731139	| E 19.588034	| E 18.654010	| E 23.171903	|
   4	 E 13.620143	| E 10.999258	| E 19.021009	| E 0.000000	| E 21.521957	| E 12.238844	| E 29.921217	| E 23.047255	| E 37.630906	| E 30.980701	| E 37.277123	| E 37.707377	|
   5	 E 32.291857	| E 31.129112	| E 34.516679	| E 21.521957	| E 0.000000	| E 25.806711	| E 34.096855	| E 10.787714	| E 49.061176	| E 44.762932	| E 51.658051	| E 52.410930	|
   6	 E 10.126602	| E 13.620143	| E 13.146628	| E 12.238844	| E 25.806711	| E 0.000000	| E 20.451353	| E 26.533182	| E 26.878344	| E 19.937848	| E 28.762787	| E 27.366888	|
   7	 E 29.239550	| E 33.500263	| E 18.746434	| E 29.921217	| E 34.096855	| E 20.451353	| E 0.000000	| E 29.824790	| E 18.342569	| E 23.271140	| E 23.736854	| E 27.176765	|
   8	 E 34.382893	| E 33.705998	| E 31.276819	| E 23.047255	| E 10.787714	| E 26.533182	| E 29.824790	| E 0.000000	| E 45.944282	| E 44.698534	| E 47.679565	| E 51.221259	|
   9	 E 30.474477	| E 35.891337	| E 20.731139	| E 37.630906	| E 49.061176	| E 26.878344	| E 18.342569	| E 45.944282	| E 0.000000	| E 14.321178	| E 10.126602	| E 11.807594	|
   10	 E 20.196233	| E 26.161459	| E 19.588034	| E 30.980701	| E 44.762932	| E 19.937848	| E 23.271140	| E 44.698534	| E 14.321178	| E 0.000000	| E 18.561127	| E 8.786302	|
   11	 E 30.531138	| E 35.030275	| E 18.654010	| E 37.277123	| E 51.658051	| E 28.762787	| E 23.736854	| E 47.679565	| E 10.126602	| E 18.561127	| E 0.000000	| E 14.077741	|
   12	 E 27.006642	| E 32.576060	| E 23.171903	| E 37.707377	| E 52.410930	| E 27.366888	| E 27.176765	| E 51.221259	| E 11.807594	| E 8.786302	| E 14.077741	| E 0.000000	|
Graph Density 15.277778%,   (With Euclidean edges 15.277778%)
=== ===
Done merging pairs of sheets.
	Reading Base file Took 0.344051 seconds.
	Helix #1 	( 1, 2)	 Length: 10.600000
	Helix #2 	( 3, 4)	 Length: 19.516670
	Helix #3 	( 5, 6)	 Length: 26.244368
	Helix #4 	( 7, 8)	 Length: 31.605068
	Helix #5 	( 9,10)	 Length: 14.417559
	Helix #6 	(11,12)	 Length: 14.725991
	      1    	|      2    	|      3    	|      4    	|      5    	|      6    	|      7    	|      8    	|      9    	|      10    	|      11    	|      12    	|
   1	   0.000000	| H 10.600000	|           	|           	|           	|           	|           	|           	|           	|           	|           	|           	|
   2	 H 10.600000	|   0.000000	|           	| L 32.331585	|           	|           	|           	|           	|           	|           	|           	|           	|
   3	           	|           	|   0.000000	| H 19.516670	|           	| L 13.639641	|           	|           	|           	|           	|           	|           	|
   4	           	| L 32.331585	| H 19.516670	|   0.000000	|           	|           	|           	|           	|           	|           	|           	|           	|
   5	           	|           	|           	|           	|   0.000000	| H 26.244368	|           	| L 14.713058	|           	|           	|           	|           	|
   6	           	|           	| L 13.639641	|           	| H 26.244368	|   0.000000	|           	|           	|           	|           	|           	|           	|
   7	           	|           	|           	|           	|           	|           	|   0.000000	| H 31.605068	| L 21.126400	|           	|           	|           	|
   8	           	|           	|           	|           	| L 14.713058	|           	| H 31.605068	|   0.000000	|           	|           	|           	|           	|
   9	           	|           	|           	|           	|           	|           	| L 21.126400	|           	|   0.000000	| H 14.417559	|           	|           	|
   10	           	|           	|           	|           	|           	|           	|           	|           	| H 14.417559	|   0.000000	|           	| L 11.492805	|
   11	           	|           	|           	|           	|           	|           	|           	|           	|           	|           	|   0.000000	| H 14.725991	|
   12	           	|           	|           	|           	|           	|           	|           	|           	|           	| L 11.492805	| H 14.725991	|   0.000000	|

  Euclidean distances:
   1	 E 0.000000	| E 6.072167	| E 16.732925	| E 13.620143	| E 32.291857	| E 10.126602	| E 29.239550	| E 34.382893	| E 30.474477	| E 20.196233	| E 30.531138	| E 27.006642	|
   2	 E 6.072167	| E 0.000000	| E 19.763715	| E 10.999258	| E 31.129112	| E 13.620143	| E 33.500263	| E 33.705998	| E 35.891337	| E 26.161459	| E 35.030275	| E 32.576060	|
